-0.0011116863 0.0038065684 -0.0073019420 0.0001820761 0.0000554638 0.0000165531
-0.0009312808 0.0026198473 -0.0040405786 0.0001110158 0.0000556350 -0.0000044616
-0.0005323201 0.0004077504 0.0026116509 -0.0000604981 -0.0000351317 -0.0000118437
-0.0050436072 0.0046044135 0.0007881548 0.0000706837 0.0000930848 -0.0000034655
0.0034604612 -0.0001024000 -0.0023906946 -0.0000119144 -0.0001050299 0.0000427954
0.0024965601 0.0023420699 -0.0058399097 0.0000720263 -0.0001000563 0.0000183478
-0.0060849920 0.0069630726 -0.0023718371 0.0000434566 -0.0000213643 -0.0001529082
-0.0005646019 0.0032391202 -0.0023378948 0.0000272236 -0.0000361809 -0.0000599731
0.0041344622 -0.0002369460 -0.0053740233 0.0000560434 -0.0001677204 0.0000480191
-0.0010725782 -0.0068777261 0.0058828840 -0.0002895396 -0.0000939374 -0.0000548467
0.0023448112 -0.0010270970 -0.0015812918 0.0000244470 -0.0000615209 0.0000420417
-0.0018833539 0.0054386794 -0.0039112042 0.0001052432 -0.0000208755 -0.0000413224
0.0008410887 0.0063250981 -0.0042007239 0.0001460884 -0.0000226260 -0.0000227414
0.0021075803 0.0041576542 -0.0056402432 0.0001088991 -0.0000310361 -0.0000615407
0.0008771474 0.0073559438 -0.0069664415 0.0001592423 -0.0000269633 -0.0000307064
-0.0026792791 0.0037683412 0.0020037276 0.0000477706 0.0000277122 -0.0000290007
-0.0036947258 0.0086165829 -0.0068459476 0.0003228106 0.0001516843 0.0000752668
0.0079032612 0.0026952468 -0.0059783269 0.0000662633 -0.0002418251 0.0000149166
0.0008778928 0.0031388162 -0.0013774283 0.0001000539 0.0000167605 0.0000013627
-0.0021889511 0.0025241353 0.0005463170 0.0000615899 0.0000551792 -0.0000189712
0.0021128619 0.0021001797 -0.0041312290 0.0000811893 -0.0000782151 -0.0000174542
-0.0008065783 -0.0011011874 0.0054704131 -0.0000121295 0.0000041484 -0.0000088765
-0.0009022925 0.0044100212 0.0007839976 0.0001099952 -0.0000060684 -0.0000485893
0.0026232671 -0.0011161185 -0.0024356989 0.0000361168 -0.0000427190 0.0000581350
-0.0023955378 0.0063212973 -0.0015828864 0.0001202079 -0.0000207234 -0.0001128329
0.0006599096 0.0051928322 -0.0054473974 0.0002047927 -0.0000061492 0.0000472777
0.0018368441 0.0013010642 -0.0005285721 -0.0000226622 -0.0000368057 0.0000082782
0.0045185644 0.0076533083 -0.0096795068 0.0002227586 -0.0001516452 0.0000357962
-0.0016416401 0.0063307078 -0.0016013309 0.0001254441 -0.0000376804 -0.0000899406
-0.0025841720 0.0058120325 -0.0043987360 0.0002235150 0.0000759847 0.0000345380
0.0028790049 0.0053059856 -0.0080526955 0.0001798398 -0.0000398208 0.0000445112
-0.0044705393 0.0083607828 -0.0034911875 0.0001394018 -0.0000157282 -0.0001217103
-0.0023338046 -0.0011192623 0.0055049405 -0.0000628384 0.0000564747 0.0000153828
-0.0014179469 0.0075196321 -0.0057644986 0.0001630485 0.0000115824 -0.0000101225
-0.0021295362 0.0105207086 -0.0046157820 0.0001257852 -0.0000521405 -0.0001139796
-0.0024298430 0.0072486696 -0.0028921810 0.0001425790 0.0000395791 -0.0000619260
0.0047082227 -0.0062478758 0.0009901344 -0.0001879155 -0.0001973039 -0.0000164341
0.0069880590 -0.0004248070 -0.0046714186 -0.0000664075 -0.0002285757 -0.0000215469
-0.0040014525 0.0045973045 -0.0019533939 0.0000907151 0.0000558040 -0.0000388284
-0.0079683254 0.0000490053 0.0066139321 0.0000208162 0.0001826055 -0.0000305525
-0.0010971286 -0.0043193846 0.0091930936 -0.0001717798 0.0000110081 -0.0000535241
-0.0029986923 0.0035983952 0.0006643614 0.0000727750 0.0000068381 -0.0000304476
0.0055339322 0.0037459000 -0.0055046246 0.0001669915 -0.0001300084 0.0000259002
-0.0003921730 0.0038098247 -0.0004460893 0.0000571695 -0.0000589765 -0.0000334977
-0.0030291554 0.0028991334 0.0009478745 0.0000582999 0.0000175375 -0.0000710481
0.0006978431 0.0040971185 -0.0057580133 0.0001550544 -0.0000233930 0.0000051362
0.0021806616 -0.0002513314 -0.0025582619 0.0000476748 -0.0000819471 0.0000410584
0.0042997633 -0.0033458283 -0.0025275626 -0.0000159523 -0.0000495520 0.0000850723
-0.0030945831 0.0057239011 -0.0060572489 0.0001783241 -0.0000220474 -0.0000736454
-0.0036858414 0.0067562884 -0.0048928464 0.0001068938 -0.0000185121 -0.0001479177
0.0055368451 -0.0006182447 -0.0040289088 -0.0000046504 -0.0001266598 -0.0000058963
-0.0048618823 0.0007373333 0.0041509187 -0.0000056586 0.0000736080 -0.0000391931
0.0010320939 0.0051644612 -0.0048028300 0.0000323638 -0.0001402907 -0.0001241722
-0.0035164214 -0.0030880205 0.0039569443 -0.0000140726 0.0000944074 0.0000185341
-0.0019493832 -0.0000226178 0.0041369744 -0.0000572736 -0.0000136112 -0.0000650156
-0.0013690795 0.0014829683 0.0021042291 0.0000903728 0.0000701484 0.0000425110
-0.0009043231 0.0007588958 0.0014370561 0.0000355014 -0.0000040235 0.0000088192
0.0005298141 0.0005595230 0.0016305967 0.0000113803 0.0000073272 0.0000504805
0.0024997799 0.0005523394 -0.0034186324 0.0000150535 -0.0001251208 0.0000095284
-0.0036223257 0.0043435749 -0.0008438903 0.0000866807 0.0001075565 0.0000091446
-0.0044264033 -0.0009049411 0.0039447648 -0.0001175935 0.0000366455 -0.0000670858
-0.0056267582 0.0008440843 -0.0008193962 0.0000379665 0.0001208150 -0.0000212822
0.0048996552 -0.0006438442 -0.0002895347 -0.0000462107 -0.0000897004 0.0000383882
-0.0030560200 0.0064329284 -0.0007996276 0.0000276073 0.0000060626 -0.0000749257
-0.0040097041 0.0014333021 -0.0024349419 0.0000334608 0.0000161413 -0.0000226377
-0.0051219700 0.0007242575 0.0049456729 -0.0001479995 0.0000040594 -0.0001207893
0.0046130783 0.0074498607 -0.0124728328 0.0002167426 -0.0001766757 0.0000267320
-0.0034483102 0.0013417345 0.0013235001 -0.0000373339 -0.0000306842 -0.0000664300
-0.0056488222 0.0007224959 0.0027426218 -0.0000158354 0.0000583411 -0.0000264290
0.0046076697 -0.0074540962 0.0047598557 -0.0002793910 -0.0001191168 0.0000222991
-0.0045515476 0.0013796213 0.0039052499 -0.0000591076 0.0000738975 -0.0000111892
-0.0016979900 0.0037045941 -0.0040905771 0.0001032002 -0.0000079871 -0.0000288084
-0.0087682410 0.0076152062 0.0000428058 0.0001109730 0.0001098206 -0.0001524602
-0.0003545164 -0.0049333980 0.0041789376 -0.0001737365 -0.0000571395 -0.0000581683
0.0028583529 -0.0052560404 0.0041037112 -0.0002270513 -0.0000435401 -0.0000532015
-0.0028648196 0.0043766284 -0.0057820812 0.0001408890 0.0000309259 -0.0000648581
0.0012838477 0.0001898825 -0.0038258322 0.0000041584 -0.0000822459 -0.0000067062
-0.0037844656 0.0056246404 -0.0012412345 0.0001239649 0.0000654282 -0.0000647538
0.0030973787 -0.0030641541 0.0003782906 -0.0000687557 -0.0000947853 0.0000036826
-0.0004409170 0.0003962161 0.0015214870 -0.0001107528 -0.0000434610 -0.0000467460
-0.0038274012 0.0032853618 0.0015907167 0.0000469367 0.0001137987 -0.0000051478
0.0023748041 0.0048313640 -0.0065893920 0.0001031592 -0.0001245786 -0.0000664456
-0.0037148665 -0.0005272725 0.0014317869 -0.0000552570 -0.0000094422 -0.0000266898
0.0021705699 -0.0056674169 0.0031249129 -0.0001592802 -0.0000927536 0.0000025109
0.0025923687 0.0024555119 0.0004982013 0.0000235341 -0.0000608852 0.0000315780
0.0043739345 -0.0048397067 0.0011568176 -0.0001251965 -0.0001484473 0.0000256978
0.0081591990 -0.0033782799 -0.0023266323 -0.0001390529 -0.0002174307 0.0000126774
0.0035449955 0.0030824101 -0.0042307856 0.0001657309 -0.0000430991 0.0001005719
0.0041319297 -0.0012041134 -0.0037286313 -0.0000916087 -0.0001745513 -0.0000207457
0.0048739227 0.0049567188 -0.0095152879 0.0001462387 -0.0001364766 0.0000188037
-0.0028682890 0.0041196353 -0.0009850957 0.0000668981 0.0000093081 -0.0000492230
0.0003294153 0.0011865995 -0.0024809942 0.0000356198 -0.0000179474 -0.0000288108
-0.0006759735 -0.0017941471 0.0011713701 -0.0000464784 -0.0000116426 -0.0000076133
-0.0044411256 -0.0021601555 0.0067626921 -0.0000769571 0.0000201982 -0.0000424491
-0.0054657961 0.0012902817 0.0022871031 -0.0000016654 0.0000355695 -0.0000807004
0.0017026810 -0.0037155088 0.0021601817 -0.0001339506 -0.0000619691 -0.0000079731
-0.0024912112 -0.0031942763 0.0030597962 -0.0001562781 -0.0000534872 -0.0000626982
-0.0043669717 0.0007793311 0.0036560395 0.0000236580 0.0001019438 0.0000061130
0.0003659434 -0.0006125377 0.0011177278 0.0000100246 -0.0000402336 0.0000501703
-0.0008336184 -0.0045422273 0.0052652684 -0.0001501632 -0.0000358833 -0.0000496633
